{
    "items": [
        {
            "m00": -0.4406678378582001,
            "m01": 0.403338223695755,
            "m02": -0.8019537329673767,
            "m03": -7.204360008239746,
            "m10": 0.40333831310272219,
            "m11": 0.8870789408683777,
            "m12": 0.22451992332935334,
            "m13": 6.798381328582764,
            "m20": 0.8019538521766663,
            "m21": -0.22451996803283692,
            "m22": -0.5535889863967896,
            "m23": 28.597129821777345,
            "m30": 0.0,
            "m31": 0.0,
            "m32": 0.0,
            "m33": 1.0
        },
        {
            "m00": 0.4717472195625305,
            "m01": 0.525903046131134,
            "m02": 0.7077290415763855,
            "m03": -3.8725786209106447,
            "m10": 0.5259029865264893,
            "m11": 0.4764362871646881,
            "m12": -0.7045809626579285,
            "m13": 7.400995254516602,
            "m20": -0.707729160785675,
            "m21": 0.7045810222625732,
            "m22": -0.05181646719574928,
            "m23": -39.023780822753909,
            "m30": 0.0,
            "m31": 0.0,
            "m32": 0.0,
            "m33": 1.0
        },
        {
            "m00": -0.3363063633441925,
            "m01": -0.7217358946800232,
            "m02": 0.6049755215644836,
            "m03": 35.097190856933597,
            "m10": -0.7217358946800232,
            "m11": 0.6101921796798706,
            "m12": 0.32674580812454226,
            "m13": 32.42805099487305,
            "m20": -0.6049755215644836,
            "m21": -0.3267459273338318,
            "m22": -0.72611403465271,
            "m23": -18.38149642944336,
            "m30": 0.0,
            "m31": 0.0,
            "m32": 0.0,
            "m33": 1.0
        },
        {
            "m00": 0.5902936458587647,
            "m01": 0.08422217518091202,
            "m02": -0.8027825951576233,
            "m03": 28.179264068603517,
            "m10": 0.08422224968671799,
            "m11": 0.9826866984367371,
            "m12": 0.16502584517002107,
            "m13": -40.945072174072269,
            "m20": 0.8027826547622681,
            "m21": -0.16502580046653748,
            "m22": 0.5729802846908569,
            "m23": 34.412227630615237,
            "m30": 0.0,
            "m31": 0.0,
            "m32": 0.0,
            "m33": 1.0
        },
        {
            "m00": 0.4704717695713043,
            "m01": -0.3005641996860504,
            "m02": 0.8296489715576172,
            "m03": -38.62998580932617,
            "m10": -0.3005642592906952,
            "m11": 0.8293974995613098,
            "m12": 0.4709150493144989,
            "m13": 6.132823944091797,
            "m20": -0.829649031162262,
            "m21": -0.47091513872146609,
            "m22": 0.299869179725647,
            "m23": 40.947486877441409,
            "m30": 0.0,
            "m31": 0.0,
            "m32": 0.0,
            "m33": 1.0
        },
        {
            "m00": 0.6919904351234436,
            "m01": 0.37302735447883608,
            "m02": 0.618061363697052,
            "m03": 15.241908073425293,
            "m10": 0.37302732467651369,
            "m11": 0.5482305288314819,
            "m12": -0.7485278844833374,
            "m13": -26.987382888793947,
            "m20": -0.6180614233016968,
            "m21": 0.7485278844833374,
            "m22": 0.24022087454795838,
            "m23": -42.39209747314453,
            "m30": 0.0,
            "m31": 0.0,
            "m32": 0.0,
            "m33": 1.0
        },
        {
            "m00": 0.04453144967556,
            "m01": 0.40087008476257326,
            "m02": -0.9150519371032715,
            "m03": 46.16946029663086,
            "m10": 0.4008701741695404,
            "m11": 0.831813633441925,
            "m12": 0.3839130997657776,
            "m13": -36.533226013183597,
            "m20": 0.9150519967079163,
            "m21": -0.38391315937042239,
            "m22": -0.12365508079528809,
            "m23": -29.26272201538086,
            "m30": 0.0,
            "m31": 0.0,
            "m32": 0.0,
            "m33": 1.0
        },
        {
            "m00": 0.3081415891647339,
            "m01": -0.20877999067306519,
            "m02": -0.9281484484672546,
            "m03": 48.69202423095703,
            "m10": -0.20877991616725923,
            "m11": 0.93699711561203,
            "m12": -0.2800844609737396,
            "m13": -22.0179500579834,
            "m20": 0.928148627281189,
            "m21": 0.2800845205783844,
            "m22": 0.24513866007328034,
            "m23": 36.46617126464844,
            "m30": 0.0,
            "m31": 0.0,
            "m32": 0.0,
            "m33": 1.0
        },
        {
            "m00": -0.16718710958957673,
            "m01": -0.6339768767356873,
            "m02": 0.7550643086433411,
            "m03": 38.021942138671878,
            "m10": -0.6339768767356873,
            "m11": 0.6556450128555298,
            "m12": 0.4101255238056183,
            "m13": 13.488733291625977,
            "m20": -0.7550643086433411,
            "m21": -0.41012564301490786,
            "m22": -0.5115419626235962,
            "m23": 1.1667286157608033,
            "m30": 0.0,
            "m31": 0.0,
            "m32": 0.0,
            "m33": 1.0
        },
        {
            "m00": 0.48624667525291445,
            "m01": 0.3944421708583832,
            "m02": -0.7797304391860962,
            "m03": 20.11896324157715,
            "m10": 0.39444223046302798,
            "m11": 0.6971608996391296,
            "m12": 0.5986501574516296,
            "m13": 45.61712646484375,
            "m20": 0.779730498790741,
            "m21": -0.5986502170562744,
            "m22": 0.1834074705839157,
            "m23": -34.33517074584961,
            "m30": 0.0,
            "m31": 0.0,
            "m32": 0.0,
            "m33": 1.0
        }
    ]
}